0,427
0,435
14,110
14,108
14,107
0,414
14,105
14,104
14,103
14,100
14,99
14,98
14,97
14,96
14,2
14,66
14,8
0,306
14,0
0,399
0,392
14,5
0,1
0,318
0,347
0,434
0,345
0,341
0,315
0,324
2,4
2,3
0,411
1,3
14,4
0,322
0,443
14,67
0,323
0,388
0,339
0,379
14,65
0,334
0,375
0,408
0,314
0,332
0,321
0,404
0,447
0,402
0,433
0,384
0,337
0,0
0,428
36,3
12,5
14,3
0,432
0,373
0,366
0,335
0,331
0,412
0,409
0,371
0,431
0,370
14,95
14,94
14,93
14,92
14,91
14,90
14,89
14,88
14,87
14,86
14,85
14,84
14,83
14,82
14,81
14,80
14,79
14,78
14,77
14,76
14,75
0,421
0,430
0,368
0,429
14,74
14,73
14,72
14,71
14,70
14,69
0,317
0,407
14,68
0,367
0,316
0,330
0,406
0,426
0,424
0,446
0,445
0,417
0,313
0,418
0,329
5,4
28,3
11,3
8,3
10,4
9,3
10,3
9,5
0,416
0,415
15,6
0,438
0,413
0,410
0,394
0,425
0,311
0,360
0,444
2,6
0,422
0,405
0,442
2,8
2,9
0,386
23,3
0,309
0,350
0,385
0,393
0,346
0,301
0,390
6,5
17,4
6,3
6,4
5,3
0,351
0,349
0,440
0,419
16,12
2,7
0,304
0,303
0,12
0,11
0,439
0,10
0,8
0,383
0,382
0,348
0,344
0,357
0,441
0,378
37,3
23,6
19,6
19,4
18,3
20,5
20,4
20,8
20,3
14,102
14,101
0,333
0,327
0,353
0,369
0,300
0,299
0,298
0,297
0,296
0,295
0,294
0,293
0,292
0,291
0,290
0,289
0,288
0,287
0,286
0,285
0,284
0,283
0,282
0,281
0,280
0,279
0,278
0,277
0,276
0,275
0,274
0,273
0,272
0,271
0,270
0,269
0,268
0,267
0,266
0,265
0,264
0,263
0,262
0,261
0,260
0,259
0,258
0,257
0,256
0,255
0,254
0,253
0,252
0,251
0,250
0,249
0,248
0,247
0,246
0,245
0,244
0,242
0,241
0,343
0,237
0,398
0,236
0,325
0,235
0,234
0,320
0,233
0,365
0,232
0,342
0,231
0,363
0,230
0,362
0,229
0,361
0,228
0,336
0,227
0,226
0,358
0,225
0,396
0,224
0,356
0,223
0,355
0,222
0,354
0,221
0,395
0,220
0,352
0,219
0,420
0,218
0,338
0,217
0,437
0,216
0,374
0,215
0,377
0,214
0,391
0,213
0,380
0,212
0,211
0,210
0,376
0,209
0,208
0,207
0,206
0,205
0,204
0,203
0,202
0,201
0,200
0,199
0,198
0,197
0,196
0,195
0,194
0,193
0,192
0,63
0,62
0,61
0,60
0,59
0,58
0,57
0,56
0,55
0,54
0,53
0,52
0,51
0,50
0,49
0,48
0,47
0,46
0,45
0,6
19,5
20,6
20,7
0,240
0,328
0,239
0,372
0,238
0,326
0,381
14,64
16,24
16,23
16,22
16,21
16,18
16,17
16,15
16,14
16,13
16,7
16,6
16,5
16,4
16,3
16,2
16,1
16,0
15,8
15,5
15,4
15,3
14,129
14,128
14,127
14,126
14,125
14,124
14,123
14,122
14,121
14,120
14,119
14,118
14,117
14,116
14,115
14,114
14,113
14,112
14,111
14,109
14,106
14,1
4,3
4,2
4,1
4,0
3,6
3,5
3,4
3,3
3,2
3,1
3,0
2,5
2,2
2,1
2,0
1,2
1,1
1,0
0,359
0,312
0,243
0,9
33,3
11,4
12,3
27,3
29,3
28,5
28,4
23,5
23,4
6,2
17,3
0,310
0,305
0,308
0,302
0,307
0,401
0,423
0,403
0,364
19,3
37,4
26,3
9,4
15,7
11,5
0,387
0,389
0,400
0,340
0,397
0,319
0,5
0,4
0,2
0,3
0,7
